#Sal	#day	#depth	#hour	#mattime	#minute	#month	#sample	#year
36.12675	6	5.0	13	736609.556944	22	10	20161006_1322_und023	2016
35.286	6	203.786	12	736609.534028	49	10	20161006_1335_ctd028_btl07	2016
35.3169	6	152.006	12	736609.535417	51	10	20161006_1335_ctd028_btl09	2016
35.4304	6	81.563	12	736609.538194	55	10	20161006_1335_ctd028_btl12	2016
35.729	6	30.336	13	736609.541667	0	10	20161006_1335_ctd028_btl15	2016
36.2832	6	5.5	13	736609.545139	5	10	20161006_1335_ctd028_btl24	2016
36.2510633333	6	5.0	16	736609.672917	9	10	20161006_1609_und024	2016
35.80412	7	5.0	9	736610.38125	9	10	20161007_0909_und025	2016
35.9890016667	7	5.0	12	736610.521528	31	10	20161007_1231_und026	2016
35.2355	7	201.908	12	736610.534722	50	10	20161007_1334_ctd030_btl07	2016
35.2845	7	151.8505	12	736610.536111	52	10	20161007_1334_ctd030_btl09	2016
35.5432	7	81.879	12	736610.538194	55	10	20161007_1334_ctd030_btl12	2016
35.8053	7	45.7815	13	736610.541667	0	10	20161007_1334_ctd030_btl15	2016
35.9504	7	5.5455	13	736610.545139	5	10	20161007_1334_ctd030_btl24	2016
35.770655	8	5.0	13	736611.547222	8	10	20161008_1308_und027	2016
35.0961	8	204.2035	12	736611.534722	50	10	20161008_1340_ctd032_btl07	2016
35.2079	8	153.771	12	736611.536111	52	10	20161008_1340_ctd032_btl09	2016
35.6794	8	83.5535	12	736611.538194	55	10	20161008_1340_ctd032_btl12	2016
36.0914	8	56.569	12	736611.540972	59	10	20161008_1340_ctd032_btl14	2016
35.7779	8	6.3085	13	736611.544444	4	10	20161008_1340_ctd032_btl24	2016
35.8393086207	8	5.0	17	736611.708333	0	10	20161008_1700_und028	2016
35.0109733333	9	5.0	13	736612.553472	17	10	20161009_1317_und029	2016
35.2706	9	203.1555	12	736612.534028	49	10	20161009_1332_ctd034_btl07	2016
35.3946	9	152.7525	12	736612.535417	51	10	20161009_1332_ctd034_btl09	2016
36.2574	9	73.428	12	736612.539583	57	10	20161009_1332_ctd034_btl13	2016
36.1922	9	60.608	12	736612.540278	58	10	20161009_1332_ctd034_btl15	2016
35.0501	9	5.6745	13	736612.54375	3	10	20161009_1332_ctd034_btl24	2016
35.18492	9	5.0	18	736612.754861	7	10	20161009_1807_und030	2016
35.8466933333	10	5.0	12	736613.538194	55	10	20161010_1255_und031	2016
35.3163	10	203.982	13	736613.541667	0	10	20161010_1339_ctd036_btl07	2016
35.3993	10	153.438	13	736613.543056	2	10	20161010_1339_ctd036_btl09	2016
36.1852	10	67.856	13	736613.546528	7	10	20161010_1339_ctd036_btl13	2016
36.1574	10	60.635	13	736613.547222	8	10	20161010_1339_ctd036_btl15	2016
35.8565	10	5.275	13	736613.551389	14	10	20161010_1339_ctd036_btl24	2016
36.14531	10	5.0	17	736613.711806	5	10	20161010_1705_und032	2016
36.2274766667	11	5.0	6	736614.261111	16	10	20161011_0616_und033	2016
36.1389816667	11	5.0	9	736614.409722	50	10	20161011_0950_und034	2016
36.12328	11	5.0	12	736614.503472	5	10	20161011_1205_und035	2016
34.8208966667	12	5.0	13	736615.556944	22	10	20161012_1322_und036	2016
34.9883	12	202.7075	12	736615.533333	48	10	20161012_1330_ctd040_btl07	2016
35.2291	12	152.864	12	736615.534722	50	10	20161012_1330_ctd040_btl09	2016
36.4293	12	95.2995	12	736615.538194	55	10	20161012_1330_ctd040_btl12	2016
36.1112	12	62.203	12	736615.539583	57	10	20161012_1330_ctd040_btl15	2016
36.1161	12	5.5855	13	736615.544444	4	10	20161012_1330_ctd040_btl24	2016
36.096195	12	5.0	17	736615.713889	8	10	20161012_1708_und037	2016
36.3026533333	13	5.0	11	736616.490972	47	10	20161013_1147_und038	2016
35.1961	13	203.494	11	736616.485417	39	10	20161013_1221_ctd042_btl07	2016
35.6395	13	153.1005	11	736616.486806	41	10	20161013_1221_ctd042_btl09	2016
36.694	13	123.2895	11	736616.488889	44	10	20161013_1221_ctd042_btl10	2016
36.8771	13	71.7445	11	736616.491667	48	10	20161013_1221_ctd042_btl15	2016
36.3108	13	5.8065	11	736616.495833	54	10	20161013_1221_ctd042_btl24	2016
36.5675083333	13	5.0	16	736616.677778	16	10	20161013_1616_und039	2016
36.8102233333	14	5.0	11	736617.488194	43	10	20161014_1143_und040	2016
35.6977	14	202.5625	13	736617.553472	17	10	20161014_1352_ctd044_btl07	2016
36.8538	14	141.993	13	736617.555556	20	10	20161014_1352_ctd044_btl10	2016
37.0563	14	107.057	13	736617.556944	22	10	20161014_1352_ctd044_btl13	2016
37.0018	14	71.3615	13	736617.558333	24	10	20161014_1352_ctd044_btl15	2016
36.794	14	4.7955	13	736617.561111	28	10	20161014_1352_ctd044_btl24	2016
99.000	14	5.0000	17	736617.710417	3	10	20161014_1703_und041	2016
37.1453516667	15	5.0	13	736618.545139	5	10	20161015_1305_und042	2016
35.8515	15	201.792	12	736618.536111	52	10	20161015_1328_ctd046_btl07	2016
36.8783	15	156.59	12	736618.538889	56	10	20161015_1328_ctd046_btl10	2016
37.1383	15	121.434	12	736618.540278	58	10	20161015_1328_ctd046_btl13	2016
37.1707	15	81.4495	13	736618.541667	0	10	20161015_1328_ctd046_btl15	2016
37.1545	15	5.599	13	736618.545139	5	10	20161015_1328_ctd046_btl24	2016
37.1833366667	15	5.0	17	736618.711111	4	10	20161015_1704_und043	2016
37.07487	17	5.0	12	736620.525694	37	10	20161017_1237_und043	2016
35.7649	17	204.4195	13	736620.541667	0	10	20161017_1334_ctd049_btl05	2016
36.4646	17	149.452	13	736620.545139	5	10	20161017_1334_ctd049_btl09	2016
36.7862	17	122.099	13	736620.546528	7	10	20161017_1334_ctd049_btl12	2016
37.0789	17	80.931	13	736620.547917	9	10	20161017_1334_ctd049_btl14	2016
37.0851	17	6.8945	13	736620.552083	15	10	20161017_1334_ctd049_btl24	2016
36.93738	17	5.0	16	736620.697917	45	10	20161017_1645_und044	2016
36.6905616667	18	5.0	10	736621.443056	38	10	20161018_1038_und044	2016
35.0702	18	405.0525	11	736621.475694	25	10	20161018_1210_ctd051_btl03	2016
35.3209	18	303.6965	11	736621.477778	28	10	20161018_1210_ctd051_btl04	2016
35.3295	18	303.7005	11	736621.477778	28	10	20161018_1210_ctd051_btl05	2016
35.4673	18	253.477	11	736621.479167	30	10	20161018_1210_ctd051_btl06	2016
35.9581	18	178.3615	11	736621.480556	32	10	20161018_1210_ctd051_btl08	2016
36.715565	18	5.0	16	736621.690972	35	10	20161018_1635_und045	2016
29.8763233333	19	5.0	13	736622.553472	17	10	20161019_1317_und046	2016
35.5143	19	203.3245	12	736622.533333	48	10	20161019_1326_ctd053_btl05	2016
35.7963	19	137.517	12	736622.536111	52	10	20161019_1326_ctd053_btl09	2016
35.9902	19	117.824	12	736622.5375	54	10	20161019_1326_ctd053_btl11	2016
36.3191	19	92.89	12	736622.538889	56	10	20161019_1326_ctd053_btl14	2016
36.188	19	6.755	13	736622.54375	3	10	20161019_1326_ctd053_btl24	2016
35.9642631579	19	5.0	17	736622.708333	0	10	20161019_1700_und047	2016
35.601	20	205.0865	12	736623.538889	56	10	20161020_1334_ctd055_btl07	2016
35.6036	20	104.8145	12	736623.540972	59	10	20161020_1334_ctd055_btl10	2016
35.6517	20	77.1805	13	736623.542361	1	10	20161020_1334_ctd055_btl13	2016
35.6612	20	61.1235	13	736623.54375	3	10	20161020_1334_ctd055_btl15	2016
35.6925	20	5.634	13	736623.547222	8	10	20161020_1334_ctd055_btl24	2016
35.6752	20	5.0	13	736623.581944	58	10	20161020_1358_und048	2016
35.5558283333	20	5.0	17	736623.711806	5	10	20161020_1705_und049	2016
35.654075	21	5.0	11	736624.489583	45	10	20161021_1145_und050	2016
35.65535	21	5.0	12	736624.538194	55	10	20161021_1255_und051	2016
35.65562	21	5.0	13	736624.545139	5	10	20161021_1305_und052	2016
35.6585	21	5.0	13	736624.552083	15	10	20161021_1315_und053	2016
35.578	21	204.493	12	736624.534028	49	10	20161021_1328_ctd057_btl05	2016
35.5963	21	103.9365	12	736624.538194	55	10	20161021_1328_ctd057_btl10	2016
35.6106	21	71.9025	12	736624.538889	56	10	20161021_1328_ctd057_btl12	2016
35.6388	21	54.196	12	736624.540972	59	10	20161021_1328_ctd057_btl14	2016
35.6684	21	5.5105	13	736624.54375	3	10	20161021_1328_ctd057_btl24	2016
35.5338333333	21	5.0	17	736624.721528	19	10	20161021_1719_und054	2016
35.62838	22	5.0	10	736625.444444	40	10	20161022_1040_und055	2016
35.6086	22	205.012	12	736625.538889	56	10	20161022_1336_ctd059_btl07	2016
35.6307	22	105.1665	12	736625.540972	59	10	20161022_1336_ctd059_btl10	2016
35.6355	22	51.2195	13	736625.54375	3	10	20161022_1336_ctd059_btl13	2016
35.6353	22	30.7945	13	736625.545833	6	10	20161022_1336_ctd059_btl17	2016
35.634	22	6.741	13	736625.547917	9	10	20161022_1336_ctd059_btl24	2016
35.64366	22	5.0	17	736625.711806	5	10	20161022_1705_und056	2016
35.023795	22	5.0	17	736625.720833	18	10	20161022_1718_und057	2016
35.27655	23	5.0	11	736626.463194	7	10	20161023_1107_und058	2016
35.2518	23	207.0875	11	736626.465972	11	10	20161023_1149_ctd061_btl04	2016
35.2787	23	101.2715	11	736626.469444	16	10	20161023_1149_ctd061_btl09	2016
35.287	23	61.142	11	736626.470833	18	10	20161023_1149_ctd061_btl12	2016
35.2866	23	51.286	11	736626.471528	19	10	20161023_1149_ctd061_btl14	2016
35.2874	23	7.152	11	736626.475	24	10	20161023_1149_ctd061_btl24	2016
35.2551666667	23	5.0	16	736626.690972	35	10	20161023_1635_und059	2016
34.3663616667	25	5.0	4	736628.171528	7	10	20161025_0407_und060	2016
34.3552683333	25	5.0	4	736628.182639	23	10	20161025_0423_und061	2016
34.3221783333	25	5.0	12	736628.540278	58	10	20161025_1258_und062	2016
34.1633	25	203.1965	12	736628.533333	48	10	20161025_1328_ctd063_btl06	2016
34.3761	25	102.981	12	736628.536111	52	10	20161025_1328_ctd063_btl09	2016
34.3296	25	76.68	12	736628.5375	54	10	20161025_1328_ctd063_btl13	2016
34.3314	25	31.3465	12	736628.539583	57	10	20161025_1328_ctd063_btl17	2016
34.3316	25	5.511	13	736628.541667	0	10	20161025_1328_ctd063_btl24	2016
34.3379813559	25	5.0	17	736628.714583	9	10	20161025_1709_und063	2016
33.7888233333	26	5.0	13	736629.563889	32	10	20161026_1332_und064	2016
34.0575	26	205.737	13	736629.552778	16	10	20161026_1357_ctd065_btl05	2016
33.813	26	101.13	13	736629.555556	20	10	20161026_1357_ctd065_btl09	2016
33.7991	26	60.9815	13	736629.556944	22	10	20161026_1357_ctd065_btl13	2016
33.7984	26	40.7445	13	736629.558333	24	10	20161026_1357_ctd065_btl16	2016
33.7968	26	5.5325	13	736629.560417	27	10	20161026_1357_ctd065_btl24	2016
34.309245	26	5.0	17	736629.736806	41	10	20161026_1741_und065	2016
33.810905	27	5.0	11	736630.491667	48	10	20161027_1148_und066	2016
33.8083	27	5.0	13	736630.561111	28	10	20161027_1328_und067	2016
34.051	27	203.8735	14	736630.595833	18	10	20161027_1456_ctd067_btl05	2016
33.8262	27	104.2085	14	736630.598611	22	10	20161027_1456_ctd067_btl09	2016
33.8155	27	76.12	14	736630.6	24	10	20161027_1456_ctd067_btl12	2016
33.8157	27	40.067	14	736630.601389	26	10	20161027_1456_ctd067_btl16	2016
33.8157	27	7.063	14	736630.604861	31	10	20161027_1456_ctd067_btl24	2016
33.84808	27	5.0	19	736630.807639	23	10	20161027_1923_und068	2016
33.8839383333	28	5.0	13	736631.550694	13	10	20161028_1313_und069	2016
34.0321	28	202.3045	13	736631.546528	7	10	20161028_1347_ctd069_btl05	2016
33.891	28	127.2125	13	736631.549306	11	10	20161028_1347_ctd069_btl09	2016
33.8901	28	76.9595	13	736631.552083	15	10	20161028_1347_ctd069_btl13	2016
33.8901	28	40.7305	13	736631.553472	17	10	20161028_1347_ctd069_btl16	2016
33.8902	28	5.654	13	736631.55625	21	10	20161028_1347_ctd069_btl24	2016
33.978105	28	5.0	18	736631.765972	23	10	20161028_1823_und070	2016
33.8538433333	30	5.0	14	736633.584028	1	10	20161030_1401_und071	2016
34.0623	30	154.137	13	736633.578472	53	10	20161030_1433_ctd071_btl05	2016
34.0095	30	88.587	13	736633.580556	56	10	20161030_1433_ctd071_btl08	2016
33.9674	30	68.612	13	736633.581944	58	10	20161030_1433_ctd071_btl12	2016
33.9361	30	41.411	14	736633.584028	1	10	20161030_1433_ctd071_btl16	2016
33.8676	30	5.083	14	736633.586806	5	10	20161030_1433_ctd071_btl24	2016
33.9281666667	30	5.0	22	736633.935417	27	10	20161030_2227_und072	2016
33.73334	31	5.0	14	736634.591667	12	10	20161031_1412_und073	2016
33.9763	31	203.442	14	736634.583333	0	10	20161031_1438_ctd073_btl05	2016
33.798	31	102.869	14	736634.586111	4	10	20161031_1438_ctd073_btl09	2016
33.7417	31	75.7295	14	736634.5875	6	10	20161031_1438_ctd073_btl12	2016
33.7389	31	40.846	14	736634.589583	9	10	20161031_1438_ctd073_btl16	2016
33.7391	31	5.3035	14	736634.591667	12	10	20161031_1438_ctd073_btl24	2016
33.7207916667	31	5.0	19	736634.809028	25	10	20161031_1925_und074	2016
33.727135	1	5.0	6	736635.266667	24	11	20161101_0624_und075	2016
33.636775	1	5.0	11	736635.488194	43	11	20161101_1143_und076	2016
33.8424366667	1	5.0	14	736635.597917	21	11	20161101_1421_und077	2016
